Stats:
MSE: 5.53441326510788
R: 0.4162888484051597
pDIC: 20.45269376313081
DIC: 34736.9432045965
timepoints: 46247
no.spikes: 4326.0
loglikelihood-per spike: -3.5667953286554206
loglikelihood: -15429.95659176335
edof: 57.09453745745481
AIC: 30974.10225844161
AICc: 30974.250915099037
UBRE: 2.5376177125927653
