Stats:
MSE: 4.8241638451905455
R: 0.40752286064373006
pDIC: 17.822072626837326
DIC: 34420.9504195239
timepoints: 46247
no.spikes: 3767.0
loglikelihood-per spike: -3.691297405549631
loglikelihood: -13905.11732670546
edof: 55.72768129318757
AIC: 27921.690015997294
AICc: 27921.831813316967
UBRE: 2.4862851194810895
