Stats:
MSE: 3.6212577586003407
R: 0.5049945023900386
pDIC: 19.52512749906964
DIC: 35083.14965508391
timepoints: 46247
no.spikes: 4182.0
loglikelihood-per spike: -3.585129508402337
loglikelihood: -14993.011604138574
edof: 57.52696148570737
AIC: 30101.077131248563
AICc: 30101.22799172882
UBRE: 2.5211223869650192
