Stats:
MSE: 4.990884693961818
R: 0.41580337181577354
pDIC: 18.35288158246476
DIC: 35011.77665830371
timepoints: 46247
no.spikes: 3863.0
loglikelihood-per spike: -3.6631224929287844
loglikelihood: -14150.642190183895
edof: 54.57190872450836
AIC: 28410.428197816807
AICc: 28410.564321644964
UBRE: 2.495181746976395
