Stats:
MSE: 4.396512974456142
R: 0.4523059802845048
pDIC: 18.412088212866365
DIC: 34581.84508422184
timepoints: 46247
no.spikes: 4043.0
loglikelihood-per spike: -3.6483121697554313
loglikelihood: -14750.126102321208
edof: 55.62238269233649
AIC: 29611.49697002709
AICc: 29611.63824565247
UBRE: 2.5166245590591507
