Stats:
MSE: 5.493204656159293
R: 0.34101483587091314
pDIC: 21.053469215450605
DIC: 34666.63987289066
timepoints: 46247
no.spikes: 4519.0
loglikelihood-per spike: -3.565428136527428
loglikelihood: -16112.169748967446
edof: 59.026848560901975
AIC: 32342.393195056695
AICc: 32342.55182544366
UBRE: 2.560329857235988
