Stats:
MSE: 4.166417026182308
R: 0.5210463337626563
pDIC: 19.635399791535747
DIC: 35110.85079575205
timepoints: 46247
no.spikes: 4003.0
loglikelihood-per spike: -3.6235730371200856
loglikelihood: -14505.162867591702
edof: 56.66122567109265
AIC: 29123.64818652559
AICc: 29123.79465112082
UBRE: 2.508102312732477
