Stats:
MSE: 5.511466119135775
R: 0.3883632631011919
pDIC: 22.574120257111645
DIC: 34536.617451649865
timepoints: 46247
no.spikes: 5211.0
loglikelihood-per spike: -3.4519724065374167
loglikelihood: -17988.228210466477
edof: 60.77554873751012
AIC: 36098.007518407976
AICc: 36098.17545427857
UBRE: 2.6244668813847496
