Stats:
MSE: 3.9523884881937605
R: 0.5032981424219468
pDIC: 19.144237205357058
DIC: 34929.755635933434
timepoints: 46247
no.spikes: 4546.0
loglikelihood-per spike: -3.5370874023045675
loglikelihood: -16079.599330876565
edof: 58.1687995110699
AIC: 32275.53626077527
AICc: 32275.69042227726
UBRE: 2.5609789174061066
