Stats:
MSE: 4.6824113481211445
R: 0.48542072493093663
pDIC: 18.719135650277167
DIC: 34842.67504158508
timepoints: 46247
no.spikes: 4975.0
loglikelihood-per spike: -3.458819663692385
loglikelihood: -17207.627826869615
edof: 59.59273757405381
AIC: 34534.44112888734
AICc: 34534.60274151806
UBRE: 2.5972007920317064
