Stats:
MSE: 4.478472877007099
R: 0.4471711585854275
pDIC: 18.62064720276976
DIC: 34603.161268299285
timepoints: 46247
no.spikes: 4357.0
loglikelihood-per spike: -3.5857312172823295
loglikelihood: -15623.030913699109
edof: 58.11394156547338
AIC: 31362.289710529163
AICc: 31362.44358849463
UBRE: 2.5449560491433236
