Stats:
MSE: 4.956852243853668
R: 0.4636238894390523
pDIC: 20.754400039331813
DIC: 34388.332923408474
timepoints: 46247
no.spikes: 4744.0
loglikelihood-per spike: -3.499876085688256
loglikelihood: -16603.412150505086
edof: 57.622703205579285
AIC: 33322.06970742133
AICc: 33322.2210580387
UBRE: 2.5774054331609952
