Stats:
MSE: 4.865787296463385
R: 0.4050478789979795
pDIC: 16.784341795435466
DIC: 34518.41207165713
timepoints: 46247
no.spikes: 4417.0
loglikelihood-per spike: -3.5929844772551776
loglikelihood: -15870.21243603612
edof: 56.009972407468744
AIC: 31852.444816887175
AICc: 31852.58801754709
UBRE: 2.555555619165807
