Stats:
MSE: 4.717453165088332
R: 0.46974201711567654
pDIC: 18.011212570479984
DIC: 35061.61554964839
timepoints: 46247
no.spikes: 4274.0
loglikelihood-per spike: -3.571843663646396
loglikelihood: -15266.059818424696
edof: 56.30625768328735
AIC: 30644.732152215965
AICc: 30644.876833225826
UBRE: 2.531466707962722
