Stats:
MSE: 4.204155016013235
R: 0.4822354665246569
pDIC: 18.58072985192848
DIC: 35605.48825719989
timepoints: 46247
no.spikes: 3884.0
loglikelihood-per spike: -3.650428598230613
loglikelihood: -14178.2646755277
edof: 54.141966491361984
AIC: 28464.813284038126
AICc: 28464.947326944744
UBRE: 2.4941283726701506
