Stats:
MSE: 4.573264134400408
R: 0.43967669884336347
pDIC: 18.771259666937112
DIC: 34413.2909147632
timepoints: 46247
no.spikes: 4361.0
loglikelihood-per spike: -3.5694943600158937
loglikelihood: -15566.564904029312
edof: 57.230985651141665
AIC: 31247.591779360908
AICc: 31247.741129665075
UBRE: 2.5418610980311294
