Stats:
MSE: 4.198526491407119
R: 0.4283308140253793
pDIC: 20.15390392691552
DIC: 34152.360208437574
timepoints: 46247
no.spikes: 4408.0
loglikelihood-per spike: -3.5690729272047217
loglikelihood: -15732.473463118413
edof: 56.93401679937652
AIC: 31578.814959835578
AICc: 31578.96280254112
UBRE: 2.546441160288226
