Stats:
MSE: 4.674450123135386
R: 0.4473915276833783
pDIC: 20.87252705890205
DIC: 34848.144531779275
timepoints: 46247
no.spikes: 4686.0
loglikelihood-per spike: -3.4980795762783323
loglikelihood: -16392.000894440265
edof: 58.61061611606051
AIC: 32901.22302111265
AICc: 32901.379475696696
UBRE: 2.567159544860911
