Stats:
MSE: 4.564458240850604
R: 0.36854186682505485
pDIC: 18.903712929841276
DIC: 34612.43816987775
timepoints: 46247
no.spikes: 4306.0
loglikelihood-per spike: -3.623139083183365
loglikelihood: -15601.236892187571
edof: 56.18674877357161
AIC: 31314.847281922284
AICc: 31314.991364904716
UBRE: 2.545484458767148
