Stats:
MSE: 4.382512213454512
R: 0.43578194148599647
pDIC: 19.2052684423943
DIC: 35015.28198887174
timepoints: 46247
no.spikes: 4139.0
loglikelihood-per spike: -3.625824158799611
loglikelihood: -15007.28619327159
edof: 56.59074589255901
AIC: 30127.753878328298
AICc: 30127.89998791782
UBRE: 2.5250398348982466
