Stats:
MSE: 4.5981874128100975
R: 0.45125518696323436
pDIC: 16.96103681582099
DIC: 34278.27749210844
timepoints: 46247
no.spikes: 4504.0
loglikelihood-per spike: -3.531669379402599
loglikelihood: -15906.638884829306
edof: 56.82709080638381
AIC: 31926.93195127138
AICc: 31927.079253028853
UBRE: 2.5530299520849673
