Stats:
MSE: 5.210855805693883
R: 0.3985753204387754
pDIC: 18.154179763034335
DIC: 34001.27768298034
timepoints: 46247
no.spikes: 4898.0
loglikelihood-per spike: -3.504648643401165
loglikelihood: -17165.769055378907
edof: 57.476610088716484
AIC: 34446.49133093525
AICc: 34446.64193396751
UBRE: 2.5967402089601683
