Stats:
MSE: 4.697241907026192
R: 0.5174280501082241
pDIC: 18.749693909812777
DIC: 36291.86030483996
timepoints: 46247
no.spikes: 4490.0
loglikelihood-per spike: -3.511208560926672
loglikelihood: -15765.326438560758
edof: 55.627674601292256
AIC: 31641.9082263241
AICc: 31642.04952814489
UBRE: 2.546970411186085
