Stats:
MSE: 3.961595741030553
R: 0.47505129280017333
pDIC: 19.38265352542294
DIC: 34796.624740724066
timepoints: 46247
no.spikes: 4458.0
loglikelihood-per spike: -3.5611711976500326
loglikelihood: -15875.701199123845
edof: 56.69867631852182
AIC: 31864.799750884733
AICc: 31864.94640429385
UBRE: 2.5549441745906587
