Stats:
MSE: 4.715405167336886
R: 0.4410667948422794
pDIC: 19.066332663769572
DIC: 34704.17818780527
timepoints: 46247
no.spikes: 4572.0
loglikelihood-per spike: -3.5324818568535417
loglikelihood: -16150.507049534393
edof: 57.55696010779734
AIC: 32416.12801928438
AICc: 32416.27903325301
UBRE: 2.5613951393261054
