Stats:
MSE: 5.502800320761682
R: 0.48117411431487983
pDIC: 20.49219009479566
DIC: 34921.053849230484
timepoints: 46247
no.spikes: 4500.0
loglikelihood-per spike: -3.5207307467802123
loglikelihood: -15843.288360510955
edof: 58.01642670139875
AIC: 31802.609574424707
AICc: 31802.762949023923
UBRE: 2.549805570897378
