Stats:
MSE: 4.795020648457878
R: 0.5020403460920547
pDIC: 18.738696346397774
DIC: 34406.46587224113
timepoints: 46247
no.spikes: 4599.0
loglikelihood-per spike: -3.503597275219411
loglikelihood: -16113.04386873407
edof: 56.52790718489972
AIC: 32339.14355183794
AICc: 32339.289345273388
UBRE: 2.559893351863222
