Stats:
MSE: 5.168148191099094
R: 0.48862833690332896
pDIC: 19.35005951544008
DIC: 35489.249600727046
timepoints: 46247
no.spikes: 4582.0
loglikelihood-per spike: -3.4980720181367775
loglikelihood: -16028.165987102715
edof: 57.41546408637079
AIC: 32171.16290237817
AICc: 32171.313193065307
UBRE: 2.5561966734360246
