Stats:
MSE: 6.009069965056245
R: 0.43597843648027146
pDIC: 18.812387871999817
DIC: 35058.45381153279
timepoints: 46247
no.spikes: 4836.0
loglikelihood-per spike: -3.493543695912955
loglikelihood: -16894.77731343505
edof: 59.22332175615212
AIC: 33908.0012703824
AICc: 33908.16093303486
UBRE: 2.5882856467294606
