Stats:
MSE: 4.294112013700549
R: 0.4875480472595449
pDIC: 16.93349576575929
DIC: 34575.282812856596
timepoints: 46247
no.spikes: 4213.0
loglikelihood-per spike: -3.5599240961760192
loglikelihood: -14997.96021718957
edof: 55.38260535152665
AIC: 30106.68564508219
AICc: 30106.825736339666
UBRE: 2.521709552344738
