Stats:
MSE: 4.054829440602509
R: 0.5065001248758876
pDIC: 19.819286070585804
DIC: 35287.90637540189
timepoints: 46247
no.spikes: 3689.0
loglikelihood-per spike: -3.6884772145865363
loglikelihood: -13606.792444609733
edof: 56.252247439522144
AIC: 27326.08938409851
AICc: 27326.23379468536
UBRE: 2.4784599240897034
