Stats:
MSE: 4.851740671433967
R: 0.4462462684208329
pDIC: 18.546417756177107
DIC: 34500.24204681576
timepoints: 46247
no.spikes: 4430.0
loglikelihood-per spike: -3.560966642120145
loglikelihood: -15775.082224592243
edof: 56.901778124833086
AIC: 31663.96800543415
AICc: 31664.115684936856
UBRE: 2.5493165889852656
