Stats:
MSE: 4.313732708852234
R: 0.5168751229227789
pDIC: 20.149987464574224
DIC: 34390.28119302834
timepoints: 46247
no.spikes: 4452.0
loglikelihood-per spike: -3.5491771585998855
loglikelihood: -15800.93671008669
edof: 58.826720210341236
AIC: 31719.526860594062
AICc: 31719.68444295748
UBRE: 2.5519940148727414
