Stats:
MSE: 4.374115342662863
R: 0.5172545727049945
pDIC: 20.51744886319284
DIC: 36154.16005449741
timepoints: 46247
no.spikes: 3752.0
loglikelihood-per spike: -3.6444153994885027
loglikelihood: -13673.846578880863
edof: 54.912035000339756
AIC: 27457.517227762404
AICc: 27457.65500917106
UBRE: 2.4763844844597984
