Stats:
MSE: 5.115517437910598
R: 0.4874293587028049
pDIC: 20.33909802931157
DIC: 35871.33058155974
timepoints: 46247
no.spikes: 4591.0
loglikelihood-per spike: -3.4752022914825176
loglikelihood: -15954.653720196238
edof: 56.01664756961407
AIC: 32021.340735531703
AICc: 32021.483969459256
UBRE: 2.551495564814755
