Stats:
MSE: 5.692587059613326
R: 0.3702369293878258
pDIC: 21.018393315425783
DIC: 34080.600239541556
timepoints: 46247
no.spikes: 4958.0
loglikelihood-per spike: -3.494239258152284
loglikelihood: -17324.438241919022
edof: 58.17696037393009
AIC: 34765.230404585905
AICc: 34765.38460829013
UBRE: 2.602458710898166
