Stats:
MSE: 5.9095459652645035
R: 0.3741260315963436
pDIC: 19.55870466146007
DIC: 34808.33019068895
timepoints: 46247
no.spikes: 5115.0
loglikelihood-per spike: -3.456733389917548
loglikelihood: -17681.191289428258
edof: 60.14878032207504
AIC: 35482.68013950066
AICc: 35482.84470957136
UBRE: 2.6128218757476978
