Stats:
MSE: 5.01393345685147
R: 0.39317603888070196
pDIC: 17.534428041253705
DIC: 35167.769361895436
timepoints: 46247
no.spikes: 4498.0
loglikelihood-per spike: -3.564368647125867
loglikelihood: -16032.53017477215
edof: 57.60727549813548
AIC: 32180.27490054057
AICc: 32180.426172124036
UBRE: 2.559895690314931
