Stats:
MSE: 3.645287504082176
R: 0.5113264085173269
pDIC: 19.42379050526506
DIC: 34636.701155591625
timepoints: 46247
no.spikes: 4160.0
loglikelihood-per spike: -3.594339675348452
loglikelihood: -14952.453049449561
edof: 57.12936448746384
AIC: 30019.16482787405
AICc: 30019.313661424196
UBRE: 2.5208816490966766
