Stats:
MSE: 4.939418404891641
R: 0.41668163708235106
pDIC: 21.804870408312127
DIC: 35157.102788146796
timepoints: 46247
no.spikes: 4687.0
loglikelihood-per spike: -3.5324293224233516
loglikelihood: -16556.49623419825
edof: 57.14795027065794
AIC: 33227.288368937814
AICc: 33227.437296931574
UBRE: 2.5770101990360823
