Stats:
MSE: 5.362810010176119
R: 0.419472138468786
pDIC: 19.385312035032257
DIC: 34259.849151697665
timepoints: 46247
no.spikes: 4809.0
loglikelihood-per spike: -3.5157493036524343
loglikelihood: -16907.238401264556
edof: 58.13264818858846
AIC: 33930.74209890629
AICc: 33930.89607352868
UBRE: 2.589659791572489
