Stats:
MSE: 4.281352770487365
R: 0.42639415993949886
pDIC: 20.527341113636794
DIC: 34139.61990553076
timepoints: 46247
no.spikes: 4096.0
loglikelihood-per spike: -3.633851739671775
loglikelihood: -14884.25672569559
edof: 56.256171652982
AIC: 29881.025794697143
AICc: 29881.17022492354
UBRE: 2.520461667831047
