Stats:
MSE: 4.0322194240011875
R: 0.41587218219375743
pDIC: 17.944736687106342
DIC: 34176.35029263165
timepoints: 46247
no.spikes: 4277.0
loglikelihood-per spike: -3.5997941204140584
loglikelihood: -15396.319453010929
edof: 54.56104932938518
AIC: 30901.761004680626
AICc: 30901.897075751753
UBRE: 2.5364500090549593
