Stats:
MSE: 5.092513288782624
R: 0.4199805207458094
pDIC: 18.051930090434325
DIC: 34477.91554037552
timepoints: 46247
no.spikes: 4481.0
loglikelihood-per spike: -3.553682630162043
loglikelihood: -15924.051865756115
edof: 57.52326844166312
AIC: 31963.150268395555
AICc: 31963.301109985703
UBRE: 2.554397496622229
