Stats:
MSE: 4.978661549037152
R: 0.473008307318604
pDIC: 17.07558464999238
DIC: 34555.57125251417
timepoints: 46247
no.spikes: 4406.0
loglikelihood-per spike: -3.5490151824727447
loglikelihood: -15636.960893974912
edof: 56.609123839648944
AIC: 31387.140035629123
AICc: 31387.286237746554
UBRE: 2.54402019715675
