Stats:
MSE: 3.5178809860194247
R: 0.4768625520289012
pDIC: 18.80393009801628
DIC: 35142.26214059527
timepoints: 46247
no.spikes: 4232.0
loglikelihood-per spike: -3.6152545574254846
loglikelihood: -15299.757287024651
edof: 56.883046275624494
AIC: 30713.280666600553
AICc: 30713.428251317888
UBRE: 2.535661794991712
