Stats:
MSE: 5.302284002035435
R: 0.4331238421300441
pDIC: 18.02764618863148
DIC: 34819.35596444975
timepoints: 46247
no.spikes: 4999.0
loglikelihood-per spike: -3.456638385861859
loglikelihood: -17279.735290923432
edof: 58.69367206359128
AIC: 34676.85792597404
AICc: 34677.01481352122
UBRE: 2.5978688870035853
