Stats:
MSE: 4.233466170938495
R: 0.4492946928231837
pDIC: 20.22360608028248
DIC: 34275.371786763244
timepoints: 46247
no.spikes: 4113.0
loglikelihood-per spike: -3.6339391945844994
loglikelihood: -14946.391907326046
edof: 56.326458530746805
AIC: 30005.436731713584
AICc: 30005.581513931815
UBRE: 2.523763630262828
