Stats:
MSE: 5.139872746538839
R: 0.414817276514901
pDIC: 18.5687562689709
DIC: 35216.898597857136
timepoints: 46247
no.spikes: 4107.0
loglikelihood-per spike: -3.625919237765234
loglikelihood: -14891.650309501816
edof: 55.28566867803594
AIC: 29893.871956359704
AICc: 29894.01157022023
UBRE: 2.519801801245938
