Stats:
MSE: 4.562071583074382
R: 0.42177618826610563
pDIC: 20.8917345027985
DIC: 34603.18556686121
timepoints: 46247
no.spikes: 4349.0
loglikelihood-per spike: -3.5963832364284154
loglikelihood: -15640.670695227178
edof: 57.780934896037685
AIC: 31396.903260246432
AICc: 31397.055422654703
UBRE: 2.5474085112465157
