Stats:
MSE: 3.8733699314329324
R: 0.37734979050162265
pDIC: 21.163266309569735
DIC: 34643.04074846504
timepoints: 46247
no.spikes: 3999.0
loglikelihood-per spike: -3.690680453205948
loglikelihood: -14759.031132370585
edof: 56.388067987637804
AIC: 29630.838400716446
AICc: 29630.983491823332
UBRE: 2.5172138030209354
