Stats:
MSE: 4.658305388885325
R: 0.44909833408696
pDIC: 20.14168208014962
DIC: 34900.1492342515
timepoints: 46247
no.spikes: 4350.0
loglikelihood-per spike: -3.570046506546212
loglikelihood: -15529.702303476022
edof: 57.09651812759647
AIC: 31173.59764320724
AICc: 31173.746309922022
UBRE: 2.539740433710009
