Stats:
MSE: 4.680693782909342
R: 0.49422461590728817
pDIC: 19.186317692743614
DIC: 35351.68438082781
timepoints: 46247
no.spikes: 4814.0
loglikelihood-per spike: -3.5047083525086373
loglikelihood: -16871.66600897658
edof: 58.96016091429887
AIC: 33861.25233978176
AICc: 33861.41062055536
UBRE: 2.5890589820710592
