Stats:
MSE: 4.0308567077406625
R: 0.43997731693806597
pDIC: 19.476520236243232
DIC: 33928.65077098423
timepoints: 46247
no.spikes: 4326.0
loglikelihood-per spike: -3.59807905914439
loglikelihood: -15565.290009858632
edof: 57.15989305166468
AIC: 31244.899805820594
AICc: 31245.048794517395
UBRE: 2.5438373926432947
