Stats:
MSE: 4.976870370350662
R: 0.4087171454478323
pDIC: 19.31441744832773
DIC: 35364.07967480002
timepoints: 46247
no.spikes: 4646.0
loglikelihood-per spike: -3.5283091907794732
loglikelihood: -16392.524500361433
edof: 57.48223193050335
AIC: 32900.01346458387
AICc: 32900.164096349836
UBRE: 2.571418813028402
