Stats:
MSE: 4.950387015148431
R: 0.4553716759268098
pDIC: 19.39479298070364
DIC: 33833.420751224665
timepoints: 46247
no.spikes: 4519.0
loglikelihood-per spike: -3.547425182775639
loglikelihood: -16030.814400963112
edof: 58.282830566072064
AIC: 32178.194463058368
AICc: 32178.34921477269
UBRE: 2.5590742942559412
