Stats:
MSE: 4.123200032849812
R: 0.5213696060777713
pDIC: 17.318038783432712
DIC: 35071.93058096301
timepoints: 46247
no.spikes: 4466.0
loglikelihood-per spike: -3.5492818921529468
loglikelihood: -15851.09293035506
edof: 58.80468710167474
AIC: 31819.79523491347
AICc: 31819.95270210737
UBRE: 2.5546121828202635
