Stats:
MSE: 3.6571638457351874
R: 0.44019727148129856
pDIC: 20.010084892481245
DIC: 34846.04163016923
timepoints: 46247
no.spikes: 4073.0
loglikelihood-per spike: -3.647762699898427
loglikelihood: -14857.337476686293
edof: 55.96773658657373
AIC: 29826.610426545732
AICc: 29826.753416800628
UBRE: 2.5198438720116165
