Stats:
MSE: 4.742354761461485
R: 0.4207439419787474
pDIC: 20.184533909829042
DIC: 33925.21810449538
timepoints: 46247
no.spikes: 4370.0
loglikelihood-per spike: -3.575505039526511
loglikelihood: -15624.957022730854
edof: 57.94843262362605
AIC: 31365.81091070896
AICc: 31365.96393481513
UBRE: 2.544528326741018
