Stats:
MSE: 3.1788414756452754
R: 0.4082947060180221
pDIC: 19.05106513042483
DIC: 34286.07228289891
timepoints: 46247
no.spikes: 3810.0
loglikelihood-per spike: -3.717388740732277
loglikelihood: -14163.251102189975
edof: 54.50743195389119
AIC: 28435.517068287732
AICc: 28435.652879025383
UBRE: 2.496306104869537
