Stats:
MSE: 3.827322315467209
R: 0.3639364807027396
pDIC: 19.76669093389137
DIC: 34587.20435756669
timepoints: 46247
no.spikes: 4219.0
loglikelihood-per spike: -3.683490898415402
loglikelihood: -15540.64810041458
edof: 56.310235612990574
AIC: 31193.916672055144
AICc: 31194.061372992048
UBRE: 2.5491912897885682
