Stats:
MSE: 5.009153216530181
R: 0.5041902465751584
pDIC: 19.827720252640574
DIC: 35374.48103234254
timepoints: 46247
no.spikes: 4348.0
loglikelihood-per spike: -3.539806421982282
loglikelihood: -15391.078322778962
edof: 57.7013890586012
AIC: 30897.559423675124
AICc: 30897.71117771019
UBRE: 2.5364664265005494
