Stats:
MSE: 3.5342859390851142
R: 0.5249762198694128
pDIC: 17.48426759209906
DIC: 34681.04759760561
timepoints: 46247
no.spikes: 4079.0
loglikelihood-per spike: -3.601319985957662
loglikelihood: -14689.784222721302
edof: 57.53696768078616
AIC: 29494.642380804176
AICc: 29494.793292472586
UBRE: 2.5115253061365475
