Stats:
MSE: 5.117943238866489
R: 0.40222473133310777
pDIC: 21.13275570123733
DIC: 34658.96138837434
timepoints: 46247
no.spikes: 4333.0
loglikelihood-per spike: -3.6047931519667573
loglikelihood: -15619.568727471958
edof: 57.69870588475773
AIC: 31354.53486671343
AICc: 31354.68660698317
UBRE: 2.5480395426571283
