Stats:
MSE: 5.084592766606639
R: 0.4205752018819045
pDIC: 20.583316065054532
DIC: 34141.674691296386
timepoints: 46247
no.spikes: 4167.0
loglikelihood-per spike: -3.6152006582892295
loglikelihood: -15064.541143091219
edof: 56.661394400853446
AIC: 30242.405074984144
AICc: 30242.551540429788
UBRE: 2.525146689597323
