Stats:
MSE: 4.191809367232211
R: 0.48221560509055156
pDIC: 18.190414678600064
DIC: 35354.32824005575
timepoints: 46247
no.spikes: 3764.0
loglikelihood-per spike: -3.6871166213807367
loglikelihood: -13878.306962877094
edof: 55.330688597117025
AIC: 27867.275302948423
AICc: 27867.41513842309
UBRE: 2.4874029846081993
