Stats:
MSE: 4.606474610629252
R: 0.46703574280764576
pDIC: 18.954350515552505
DIC: 34422.73720160505
timepoints: 46247
no.spikes: 4273.0
loglikelihood-per spike: -3.5783990227032607
loglikelihood: -15290.499024011033
edof: 58.56581185830843
AIC: 30698.129671738683
AICc: 30698.285893010907
UBRE: 2.5328336570877483
