Stats:
MSE: 4.238731350515457
R: 0.44557030728689184
pDIC: 20.515813587360753
DIC: 34065.65514504423
timepoints: 46247
no.spikes: 4295.0
loglikelihood-per spike: -3.579307124784823
loglikelihood: -15373.124100950814
edof: 57.641401211891164
AIC: 30861.53100432541
AICc: 30861.682450757657
UBRE: 2.5348753945386187
