Stats:
MSE: 4.297226525481129
R: 0.49582889164140576
pDIC: 19.925899761019537
DIC: 35672.36956626253
timepoints: 46247
no.spikes: 3937.0
loglikelihood-per spike: -3.627705086508911
loglikelihood: -14282.274925585582
edof: 55.69749552717601
AIC: 28675.944842225515
AICc: 28676.086489893576
UBRE: 2.4977563574102915
