Stats:
MSE: 4.3712403986842725
R: 0.40635427627234416
pDIC: 19.924805325685156
DIC: 34507.53374226306
timepoints: 46247
no.spikes: 4105.0
loglikelihood-per spike: -3.6444945740888905
loglikelihood: -14960.650226634896
edof: 57.394972469716194
AIC: 30036.090398209224
AICc: 30036.240584294002
UBRE: 2.5235009534677992
