Stats:
MSE: 4.094202485681425
R: 0.3939397938574982
pDIC: 18.21228652102218
DIC: 34108.43433932998
timepoints: 46247
no.spikes: 4297.0
loglikelihood-per spike: -3.6104188227655234
loglikelihood: -15513.969681423454
edof: 57.0799794490258
AIC: 31142.099321744958
AICc: 31142.24790449087
UBRE: 2.5410271906637765
