Stats:
MSE: 3.614306841182694
R: 0.5301188370428033
pDIC: 17.18984596240989
DIC: 34657.75866347645
timepoints: 46247
no.spikes: 4295.0
loglikelihood-per spike: -3.5598348426957265
loglikelihood: -15289.490649378145
edof: 58.56856647879772
AIC: 30696.118431713887
AICc: 30696.27466732538
UBRE: 2.531606238120333
