Stats:
MSE: 3.864971169117076
R: 0.4767096013855806
pDIC: 17.922250435847673
DIC: 34102.64941345387
timepoints: 46247
no.spikes: 4248.0
loglikelihood-per spike: -3.590392625498967
loglikelihood: -15251.987873119611
edof: 54.86740597444461
AIC: 30613.71055818811
AICc: 30613.848121528066
UBRE: 2.530308542028911
