Stats:
MSE: 5.4676035102775185
R: 0.38051016151816774
pDIC: 19.010791678843816
DIC: 34953.15163920247
timepoints: 46247
no.spikes: 4777.0
loglikelihood-per spike: -3.5224866965009674
loglikelihood: -16826.91894918512
edof: 58.50082211800142
AIC: 33770.83954260624
AICc: 33770.995425763394
UBRE: 2.5867100246323
