Stats:
MSE: 3.953624766815095
R: 0.46239802395364255
pDIC: 19.770321394586063
DIC: 34977.19731097063
timepoints: 46247
no.spikes: 4274.0
loglikelihood-per spike: -3.6023741003103926
loglikelihood: -15396.546904726618
edof: 56.348114148761056
AIC: 30905.790037750758
AICc: 30905.93492850526
UBRE: 2.5375400985737406
