Stats:
MSE: 5.5984371354721345
R: 0.43420537866857506
pDIC: 18.956451226498757
DIC: 35786.110339903455
timepoints: 46247
no.spikes: 4471.0
loglikelihood-per spike: -3.543500821820171
loglikelihood: -15842.992174357983
edof: 56.72516005749708
AIC: 31799.43466883096
AICc: 31799.58145583591
UBRE: 2.5510909805970376
