Stats:
MSE: 5.436928092826209
R: 0.3868565231889277
pDIC: 18.512809064253815
DIC: 34249.78772839806
timepoints: 46247
no.spikes: 4301.0
loglikelihood-per spike: -3.602844729970632
loglikelihood: -15495.835183603689
edof: 54.41969977079951
AIC: 31100.509766748975
AICc: 31100.645152050573
UBRE: 2.5405552058376477
