Stats:
MSE: 4.759965468225857
R: 0.49559321620860014
pDIC: 20.82776396981353
DIC: 35066.17784642624
timepoints: 46247
no.spikes: 4527.0
loglikelihood-per spike: -3.515448834945499
loglikelihood: -15914.436875798274
edof: 57.33644751337984
AIC: 31943.54664662331
AICc: 31943.696534159924
UBRE: 2.5530107243311644
