Stats:
MSE: 5.027175116778432
R: 0.39098429780482896
pDIC: 18.138476785588864
DIC: 34704.712186158606
timepoints: 46247
no.spikes: 4572.0
loglikelihood-per spike: -3.585968124807645
loglikelihood: -16395.046266620553
edof: 57.35082437454633
AIC: 32904.7941819902
AICc: 32904.94414283866
UBRE: 2.575549181812362
