Stats:
MSE: 4.218091343300419
R: 0.43783280485868153
pDIC: 19.74998063528983
DIC: 35175.79582499335
timepoints: 46247
no.spikes: 4096.0
loglikelihood-per spike: -3.642900966901223
loglikelihood: -14921.32236042741
edof: 56.40564677970125
AIC: 29955.456014414223
AICc: 29955.60119371556
UBRE: 2.5230279134897313
