Stats:
MSE: 5.931136392733647
R: 0.43103407570574737
pDIC: 19.436392897041515
DIC: 34977.20325257787
timepoints: 46247
no.spikes: 4734.0
loglikelihood-per spike: -3.4990408106957096
loglikelihood: -16564.45919783349
edof: 56.110113976278214
AIC: 33241.13862361954
AICc: 33241.282323770836
UBRE: 2.5757583732266234
