Stats:
MSE: 5.33724693428596
R: 0.3744499504418681
pDIC: 19.820010051716963
DIC: 34639.65034794892
timepoints: 46247
no.spikes: 4186.0
loglikelihood-per spike: -3.628936184543647
loglikelihood: -15190.726868499707
edof: 55.80746063330645
AIC: 30493.068658266027
AICc: 30493.210851487587
UBRE: 2.531953851427692
