Stats:
MSE: 5.130341180829871
R: 0.4401071349295822
pDIC: 18.938416681030503
DIC: 34738.45080628071
timepoints: 46247
no.spikes: 4939.0
loglikelihood-per spike: -3.4889792088001546
loglikelihood: -17232.068312263964
edof: 57.399412667535145
AIC: 34578.935449863
AICc: 34579.085658610304
UBRE: 2.600174988889449
