Stats:
MSE: 4.354244156005507
R: 0.448708438021886
pDIC: 16.211016843903053
DIC: 34833.34963519282
timepoints: 46247
no.spikes: 5061.0
loglikelihood-per spike: -3.469585710200151
loglikelihood: -17559.573279322965
edof: 57.39237682548425
AIC: 35233.931312296896
AICc: 35234.08148513444
UBRE: 2.6089686408757435
