Stats:
MSE: 3.8205701606628937
R: 0.44812050598550457
pDIC: 19.19537026874241
DIC: 34548.20652577581
timepoints: 46247
no.spikes: 4265.0
loglikelihood-per spike: -3.605977056449043
loglikelihood: -15379.492145755168
edof: 55.03149208996146
AIC: 30869.04727569026
AICc: 30869.185641647247
UBRE: 2.5368923295848615
