Stats:
MSE: 5.139054481580199
R: 0.4661906308971553
pDIC: 19.680572035595105
DIC: 35712.081335183386
timepoints: 46247
no.spikes: 4569.0
loglikelihood-per spike: -3.5384600121354466
loglikelihood: -16167.223795446855
edof: 56.785722309222955
AIC: 32448.019035512156
AICc: 32448.166128249046
UBRE: 2.5653786785382016
