Stats:
MSE: 4.690529380155824
R: 0.42506798650682664
pDIC: 19.73408828225365
DIC: 34530.3757597389
timepoints: 46247
no.spikes: 4280.0
loglikelihood-per spike: -3.6117119186082673
loglikelihood: -15458.127011643384
edof: 57.909043857490474
AIC: 31032.07211100175
AICc: 31032.224932251975
UBRE: 2.5412564618322113
