Stats:
MSE: 4.516372153479107
R: 0.4889851206220689
pDIC: 19.592956421493
DIC: 34486.923701339365
timepoints: 46247
no.spikes: 4500.0
loglikelihood-per spike: -3.5194759870545935
loglikelihood: -15837.641941745671
edof: 56.41281951573287
AIC: 31788.10952252281
AICc: 31788.254737818144
UBRE: 2.550416581679124
