Stats:
MSE: 4.438976133031172
R: 0.49162771932879357
pDIC: 19.769242903952545
DIC: 35523.33578461735
timepoints: 46247
no.spikes: 4911.0
loglikelihood-per spike: -3.460832852348805
loglikelihood: -16996.150137884983
edof: 58.37100401087763
AIC: 34109.04228379172
AICc: 34109.19749265624
UBRE: 2.58887239768802
