Stats:
MSE: 5.514462626059182
R: 0.39336064181684943
pDIC: 20.82338470877221
DIC: 34321.449047575254
timepoints: 46247
no.spikes: 4919.0
loglikelihood-per spike: -3.493323376985767
loglikelihood: -17183.657691392986
edof: 58.54115270377797
AIC: 34484.39768819353
AICc: 34484.55378113107
UBRE: 2.596856577209862
