Stats:
MSE: 4.621571190803274
R: 0.47802968800004897
pDIC: 19.357604190314305
DIC: 34857.967732324214
timepoints: 46247
no.spikes: 4417.0
loglikelihood-per spike: -3.554200942663569
loglikelihood: -15698.905563744984
edof: 58.02074634728289
AIC: 31513.852620184534
AICc: 31514.006017064043
UBRE: 2.5465966175137957
