Stats:
MSE: 4.70246309004649
R: 0.46002384504754257
pDIC: 18.172542443375278
DIC: 35508.638790439865
timepoints: 46247
no.spikes: 3833.0
loglikelihood-per spike: -3.650738322022925
loglikelihood: -13993.27998831387
edof: 54.74242017651683
AIC: 28096.044816980775
AICc: 28096.18177052869
UBRE: 2.48880204081872
