Stats:
MSE: 4.492062689135566
R: 0.45518792836457317
pDIC: 17.43084611118684
DIC: 34384.17422567803
timepoints: 46247
no.spikes: 4464.0
loglikelihood-per spike: -3.5357118607389557
loglikelihood: -15783.417746338699
edof: 56.59569994529723
AIC: 31680.026892567992
AICc: 31680.17302709692
UBRE: 2.5483474269846
