Stats:
MSE: 4.9928623580510205
R: 0.44653255022640104
pDIC: 19.55244493273858
DIC: 34223.20521343428
timepoints: 46247
no.spikes: 4728.0
loglikelihood-per spike: -3.5004062094612904
loglikelihood: -16549.920558332982
edof: 57.8578744259426
AIC: 33215.55686551785
AICc: 33215.70942344173
UBRE: 2.574103492075521
