Stats:
MSE: 5.305675087125016
R: 0.43529346937555624
pDIC: 19.583917448784632
DIC: 35070.95716112628
timepoints: 46247
no.spikes: 4105.0
loglikelihood-per spike: -3.5935348470602424
loglikelihood: -14751.460547182294
edof: 55.28495377683627
AIC: 29613.49100191826
AICc: 29613.630612261048
UBRE: 2.5125035467298344
