Stats:
MSE: 3.9228831765194445
R: 0.44803278609439323
pDIC: 19.417635835925466
DIC: 34986.43710833908
timepoints: 46247
no.spikes: 4062.0
loglikelihood-per spike: -3.646378520029052
loglikelihood: -14811.58954835801
edof: 57.053366752134245
AIC: 29737.285830220288
AICc: 29737.434277900164
UBRE: 2.5183270105033913
