Stats:
MSE: 4.430573306017415
R: 0.4679875242043767
pDIC: 19.70569597373833
DIC: 34565.1295189083
timepoints: 46247
no.spikes: 4519.0
loglikelihood-per spike: -3.5535280951255452
loglikelihood: -16058.39346187234
edof: 57.45920364564071
AIC: 32231.705331035962
AICc: 32231.85584511983
UBRE: 2.560291110841657
