Stats:
MSE: 4.633225270054597
R: 0.40888433880401137
pDIC: 17.683622821725294
DIC: 34852.258460411795
timepoints: 46247
no.spikes: 4465.0
loglikelihood-per spike: -3.6056296891252093
loglikelihood: -16099.13656194406
edof: 59.021992104250884
AIC: 32316.317108096624
AICc: 32316.475713010335
UBRE: 2.5646264894394437
