Stats:
MSE: 4.344058300191124
R: 0.4892020950040583
pDIC: 19.69576998804041
DIC: 35021.92290921107
timepoints: 46247
no.spikes: 3909.0
loglikelihood-per spike: -3.6690112596939986
loglikelihood: -14342.16501414384
edof: 55.76756738863707
AIC: 28795.865163064955
AICc: 28796.00715824876
UBRE: 2.5046495440986214
