Stats:
MSE: 3.6487653134581666
R: 0.4884411246733
pDIC: 20.343510239228635
DIC: 34113.85548181978
timepoints: 46247
no.spikes: 4003.0
loglikelihood-per spike: -3.64774136592865
loglikelihood: -14601.908687812385
edof: 56.9261941701582
AIC: 29317.66976396509
AICc: 29317.8175670616
UBRE: 2.5116203128250603
