Stats:
MSE: 3.659442428090271
R: 0.49995324116358175
pDIC: 18.077590171018528
DIC: 35272.820624329586
timepoints: 46247
no.spikes: 4310.0
loglikelihood-per spike: -3.588555977329458
loglikelihood: -15466.676262289964
edof: 56.59003837997618
AIC: 31046.53260133988
AICc: 31046.678707367857
UBRE: 2.5399174358674133
