Stats:
MSE: 2.8534796135037115
R: 0.5806711223671395
pDIC: 18.720041571636102
DIC: 34577.92940672822
timepoints: 46247
no.spikes: 4050.0
loglikelihood-per spike: -3.6059203562808997
loglikelihood: -14603.977442937643
edof: 57.79434726536532
AIC: 29323.543580406018
AICc: 29323.69581172497
UBRE: 2.5090675574660923
