Stats:
MSE: 5.506562779492579
R: 0.5010790164241372
pDIC: 19.217944917607383
DIC: 34970.975941808356
timepoints: 46247
no.spikes: 4868.0
loglikelihood-per spike: -3.444390915404062
loglikelihood: -16767.294976186975
edof: 59.36777234239959
AIC: 33653.32549705875
AICc: 33653.4859207893
UBRE: 2.581618288855994
