Stats:
MSE: 4.3494131207374895
R: 0.4440798525117492
pDIC: 19.70224472913833
DIC: 34091.827104996235
timepoints: 46247
no.spikes: 4364.0
loglikelihood-per spike: -3.5520214928392133
loglikelihood: -15501.021794750326
edof: 56.79684492978921
AIC: 31115.63727936023
AICc: 31115.78442828124
UBRE: 2.537085264357026
