Stats:
MSE: 4.753773703334064
R: 0.4666525843881638
pDIC: 19.401191457924142
DIC: 35482.30270410359
timepoints: 46247
no.spikes: 4295.0
loglikelihood-per spike: -3.5760276697777744
loglikelihood: -15359.038841695541
edof: 57.17096423199361
AIC: 30832.419611855068
AICc: 30832.56865683578
UBRE: 2.5360918677875
