Stats:
MSE: 4.973390627885713
R: 0.4364552672002693
pDIC: 18.073178966591513
DIC: 35346.3772637887
timepoints: 46247
no.spikes: 4511.0
loglikelihood-per spike: -3.575055993970303
loglikelihood: -16127.077588800035
edof: 58.21096187484707
AIC: 32370.577101349765
AICc: 32370.731480948012
UBRE: 2.5660571431985018
