Stats:
MSE: 4.433918108124161
R: 0.47971519715412475
pDIC: 20.773657532532525
DIC: 34960.070046684654
timepoints: 46247
no.spikes: 4188.0
loglikelihood-per spike: -3.6074041128340615
loglikelihood: -15107.80842454905
edof: 56.37502790122444
AIC: 30328.366904900548
AICc: 30328.511930601424
UBRE: 2.528417205025088
