Stats:
MSE: 5.671844881766664
R: 0.46000649410049826
pDIC: 18.570063592578663
DIC: 35057.843730625864
timepoints: 46247
no.spikes: 4741.0
loglikelihood-per spike: -3.478076288775683
loglikelihood: -16489.559685085515
edof: 56.96905483620809
AIC: 33093.057479843446
AICc: 33093.20550002545
UBRE: 2.570693299659893
