Stats:
MSE: 5.102428461874055
R: 0.43831140344651454
pDIC: 17.8599437953053
DIC: 34081.226327206095
timepoints: 46247
no.spikes: 4879.0
loglikelihood-per spike: -3.489305774734623
loglikelihood: -17024.322874930225
edof: 58.387801266973035
AIC: 34165.4213523944
AICc: 34165.576648423696
UBRE: 2.5920760099527733
