Stats:
MSE: 5.061670715107593
R: 0.40924267787252716
pDIC: 19.74052488383313
DIC: 34930.36084832586
timepoints: 46247
no.spikes: 4129.0
loglikelihood-per spike: -3.6182060888680914
loglikelihood: -14939.572940936348
edof: 54.700684536233254
AIC: 29988.547250945165
AICc: 29988.684001171474
UBRE: 2.5212833253138873
