Stats:
MSE: 3.84452135309394
R: 0.5452835026686877
pDIC: 17.60371078393655
DIC: 36074.2373094493
timepoints: 46247
no.spikes: 4367.0
loglikelihood-per spike: -3.553384837866759
loglikelihood: -15517.631586964137
edof: 57.37294332025931
AIC: 31150.00906056879
AICc: 31150.159134243324
UBRE: 2.5423075126832733
