Stats:
MSE: 6.231297044670396
R: 0.3984971129159099
pDIC: 18.543869761695532
DIC: 34996.94057333476
timepoints: 46247
no.spikes: 4587.0
loglikelihood-per spike: -3.540921240796978
loglikelihood: -16242.205731535738
edof: 57.09343407388116
AIC: 32598.598331219237
AICc: 32598.746982274104
UBRE: 2.564801744909002
