Stats:
MSE: 4.37150749661496
R: 0.5242798484007977
pDIC: 18.493277126683097
DIC: 33968.46702696272
timepoints: 46247
no.spikes: 4454.0
loglikelihood-per spike: -3.518980612892324
loglikelihood: -15673.53964982241
edof: 56.45449304996806
AIC: 31459.98828574476
AICc: 31460.133710253274
UBRE: 2.54448980876688
