Stats:
MSE: 4.4310069138860415
R: 0.44286435194812324
pDIC: 17.386969371218584
DIC: 34915.896885022004
timepoints: 46247
no.spikes: 4190.0
loglikelihood-per spike: -3.614850574337028
loglikelihood: -15146.223906472147
edof: 56.26687153584766
AIC: 30404.981556015988
AICc: 30405.126039798983
UBRE: 2.528850320735045
