Stats:
MSE: 6.347826061576698
R: 0.4005196132497698
pDIC: 20.398172338194854
DIC: 35138.22348435022
timepoints: 46247
no.spikes: 5040.0
loglikelihood-per spike: -3.4793110014967574
loglikelihood: -17535.727447543657
edof: 59.3082697176765
AIC: 35190.071434522666
AICc: 35190.231544527625
UBRE: 2.6105035098672147
