Stats:
MSE: 4.861807600065217
R: 0.46335570327981673
pDIC: 19.946698412586557
DIC: 35147.01093195421
timepoints: 46247
no.spikes: 4253.0
loglikelihood-per spike: -3.5707151938410235
loglikelihood: -15186.251719405873
edof: 57.42995106236501
AIC: 30487.363340936474
AICc: 30487.513705596426
UBRE: 2.5290929299923257
