Stats:
MSE: 5.296962794679705
R: 0.4067035243948156
pDIC: 19.977395443431305
DIC: 34115.5492961152
timepoints: 46247
no.spikes: 4407.0
loglikelihood-per spike: -3.5697911886693725
loglikelihood: -15732.069768465924
edof: 58.35700711589652
AIC: 31580.853551163644
AICc: 31581.00868741381
UBRE: 2.5477426756078656
