Stats:
MSE: 4.90046236153579
R: 0.40553996853635915
pDIC: 18.36720686838089
DIC: 34466.288906001486
timepoints: 46247
no.spikes: 4994.0
loglikelihood-per spike: -3.480515507392584
loglikelihood: -17381.694443918565
edof: 59.89395968570651
AIC: 34883.17680720854
AICc: 34883.340018624905
UBRE: 2.602735089827797
