Stats:
MSE: 5.179000375595585
R: 0.4754136640353549
pDIC: 20.965868064406095
DIC: 35236.62893923827
timepoints: 46247
no.spikes: 4549.0
loglikelihood-per spike: -3.520500435579723
loglikelihood: -16014.756481452161
edof: 58.372273202510335
AIC: 32146.257509309344
AICc: 32146.41272475913
UBRE: 2.5560730044944866
