Stats:
MSE: 5.0018773253680555
R: 0.41422630576478237
pDIC: 17.430821215501055
DIC: 34795.30032872365
timepoints: 46247
no.spikes: 4407.0
loglikelihood-per spike: -3.57335133226976
loglikelihood: -15747.759321312831
edof: 55.15218802082469
AIC: 31605.82301866731
AICc: 31605.961976492876
UBRE: 2.5487029154659138
