Stats:
MSE: 4.947105571638342
R: 0.42191416367280554
pDIC: 21.143358399418503
DIC: 34615.176163498785
timepoints: 46247
no.spikes: 4378.0
loglikelihood-per spike: -3.576927217711549
loglikelihood: -15659.787359141163
edof: 57.8238979257773
AIC: 31435.22251413388
AICc: 31435.374897334677
UBRE: 2.543910890267488
