Stats:
MSE: 5.979767774866049
R: 0.42728995585574575
pDIC: 19.336646055984602
DIC: 35018.55308265024
timepoints: 46247
no.spikes: 4959.0
loglikelihood-per spike: -3.460063082554362
loglikelihood: -17158.45282638708
edof: 57.8409261213622
AIC: 34432.58750501689
AICc: 34432.73997577212
UBRE: 2.593594602331503
