Stats:
MSE: 4.35072001849087
R: 0.4285966523578218
pDIC: 18.259224647095834
DIC: 34541.84354098653
timepoints: 46247
no.spikes: 4530.0
loglikelihood-per spike: -3.546700582080504
loglikelihood: -16066.553636824683
edof: 58.74307525966376
AIC: 32250.593424168692
AICc: 32250.750569534364
UBRE: 2.5581837244677623
