Stats:
MSE: 5.384266190445441
R: 0.40132026788459074
pDIC: 17.879598838877428
DIC: 35285.82661886073
timepoints: 46247
no.spikes: 4306.0
loglikelihood-per spike: -3.5930125011412946
loglikelihood: -15471.511829914414
edof: 56.23299904788776
AIC: 31055.489657924605
AICc: 31055.633972198204
UBRE: 2.5403065311003936
