Stats:
MSE: 4.595750507699007
R: 0.39142274824758977
pDIC: 17.896410613037006
DIC: 34423.82728495532
timepoints: 46247
no.spikes: 4061.0
loglikelihood-per spike: -3.6643770112358443
loglikelihood: -14881.035042628764
edof: 56.13898968617309
AIC: 29874.348064629874
AICc: 29874.491908970667
UBRE: 2.5227693175588364
