Stats:
MSE: 5.045171751114743
R: 0.39255875359158127
pDIC: 20.02813694813085
DIC: 34840.50454157334
timepoints: 46247
no.spikes: 4110.0
loglikelihood-per spike: -3.6470198334500568
loglikelihood: -14989.251515479733
edof: 56.056142935895515
AIC: 30090.615316831256
AICc: 30090.75874767479
UBRE: 2.5248292667781342
