Stats:
MSE: 3.680156444207757
R: 0.4173748741210328
pDIC: 18.819868203612714
DIC: 34347.67357509485
timepoints: 46247
no.spikes: 4228.0
loglikelihood-per spike: -3.636762457280747
loglikelihood: -15376.231669382998
edof: 56.11586954904894
AIC: 30864.695077864093
AICc: 30864.838806749794
UBRE: 2.537760286329398
