Stats:
MSE: 4.065968229522327
R: 0.3972551586781137
pDIC: 19.280035244497412
DIC: 34039.04440282602
timepoints: 46247
no.spikes: 4328.0
loglikelihood-per spike: -3.6458292379051476
loglikelihood: -15779.148941653479
edof: 56.898495506952045
AIC: 31672.09487432086
AICc: 31672.24253721093
UBRE: 2.5551148181850962
