Stats:
MSE: 4.906490833397479
R: 0.40564699401503557
pDIC: 18.533102786281233
DIC: 35175.58679478958
timepoints: 46247
no.spikes: 4539.0
loglikelihood-per spike: -3.550712665416843
loglikelihood: -16116.68478832705
edof: 59.122307946083154
AIC: 32351.614192546265
AICc: 32351.77332405591
UBRE: 2.560350039023233
