Stats:
MSE: 5.041586682836455
R: 0.40397028274070235
pDIC: 20.646513467552722
DIC: 34552.185707239594
timepoints: 46247
no.spikes: 4738.0
loglikelihood-per spike: -3.5229438989691024
loglikelihood: -16691.708193315608
edof: 56.05658190589733
AIC: 33495.52955044301
AICc: 33495.672983475924
UBRE: 2.5809058949484043
