Stats:
MSE: 5.060287537647112
R: 0.3875078123064086
pDIC: 19.923025274234533
DIC: 34246.46801939553
timepoints: 46247
no.spikes: 4270.0
loglikelihood-per spike: -3.6033240720954822
loglikelihood: -15386.19378784771
edof: 58.19409450634313
AIC: 30888.775764708105
AICc: 30888.930057036796
UBRE: 2.536710640536638
