Stats:
MSE: 4.091015352763537
R: 0.3988721867274778
pDIC: 20.52747379368884
DIC: 34055.20649747166
timepoints: 46247
no.spikes: 4676.0
loglikelihood-per spike: -3.562868118244857
loglikelihood: -16659.97132091295
edof: 58.14210902035741
AIC: 33436.22685986662
AICc: 33436.3808833846
UBRE: 2.582266576591337
