Stats:
MSE: 4.326267878314041
R: 0.3696715904210792
pDIC: 19.684423283779324
DIC: 35072.82238625162
timepoints: 46247
no.spikes: 4063.0
loglikelihood-per spike: -3.679244145201951
loglikelihood: -14948.768961955528
edof: 55.08288241728105
AIC: 30007.703688745616
AICc: 30007.84230655584
UBRE: 2.5261633895195
