Stats:
MSE: 4.9348613527118665
R: 0.4522188700718769
pDIC: 18.902815247005492
DIC: 35643.60934504072
timepoints: 46247
no.spikes: 4934.0
loglikelihood-per spike: -3.470302243333121
loglikelihood: -17122.47126860562
edof: 58.59364448937802
AIC: 34362.129826189994
AICc: 34362.286192376196
UBRE: 2.5938193905949207
