Stats:
MSE: 5.157022558365891
R: 0.4893831645344078
pDIC: 18.995647997697233
DIC: 35103.71408249543
timepoints: 46247
no.spikes: 4515.0
loglikelihood-per spike: -3.5142448949900587
loglikelihood: -15866.815700880115
edof: 57.345206004568865
AIC: 31848.32181376937
AICc: 31848.471745965977
UBRE: 2.551093262979065
