Stats:
MSE: 4.4339551757264415
R: 0.4269782879627859
pDIC: 17.281143081418122
DIC: 34747.81745721579
timepoints: 46247
no.spikes: 4187.0
loglikelihood-per spike: -3.6262350229501377
loglikelihood: -15183.046041092226
edof: 57.03221027335699
AIC: 30480.156502731166
AICc: 30480.304843080543
UBRE: 2.532308125226039
