Stats:
MSE: 5.14367261944322
R: 0.39436868144589465
pDIC: 17.01475458658024
DIC: 34527.07381399066
timepoints: 46247
no.spikes: 4400.0
loglikelihood-per spike: -3.5930012661818207
loglikelihood: -15809.205571200011
edof: 56.43227434557694
AIC: 31731.275691091178
AICc: 31731.421004036612
UBRE: 2.55289874752399
