Stats:
MSE: 3.7460468134928147
R: 0.49590976927845537
pDIC: 18.072654031460843
DIC: 34936.30411008822
timepoints: 46247
no.spikes: 4127.0
loglikelihood-per spike: -3.5966994173198685
loglikelihood: -14843.578495279098
edof: 56.667640313675896
AIC: 29800.492271185547
AICc: 29800.63876811266
UBRE: 2.5170293230537815
