Stats:
MSE: 4.43654785603809
R: 0.5191969556349565
pDIC: 19.085739827369252
DIC: 35715.61243949554
timepoints: 46247
no.spikes: 4120.0
loglikelihood-per spike: -3.5565940263200035
loglikelihood: -14653.167388438414
edof: 55.28290304557186
AIC: 29416.900582967974
AICc: 29417.04018322019
UBRE: 2.507268407686872
