Stats:
MSE: 5.074666734142717
R: 0.3985821858324783
pDIC: 19.317869448783313
DIC: 34192.878565080864
timepoints: 46247
no.spikes: 4740.0
loglikelihood-per spike: -3.511119168929608
loglikelihood: -16642.704860726342
edof: 58.127867832861995
AIC: 33401.66545711841
AICc: 33401.81940703787
UBRE: 2.5772589428017985
