Stats:
MSE: 4.506176427604824
R: 0.4828744496659503
pDIC: 19.075681056576286
DIC: 35458.980656876156
timepoints: 46247
no.spikes: 4715.0
loglikelihood-per spike: -3.5147643531903157
loglikelihood: -16572.11392529234
edof: 58.01044433687448
AIC: 33260.24873925842
AICc: 33260.40208300389
UBRE: 2.5771589020583865
