Stats:
MSE: 5.929929056924857
R: 0.3697417225386749
pDIC: 19.219906362020993
DIC: 34753.58110814284
timepoints: 46247
no.spikes: 4467.0
loglikelihood-per spike: -3.5581428714162886
loglikelihood: -15894.224206616562
edof: 56.26894621271254
AIC: 31900.98630565855
AICc: 31901.130799827166
UBRE: 2.5533376119987494
