Stats:
MSE: 3.8601153040536778
R: 0.49071103899043517
pDIC: 20.167158447326074
DIC: 34616.69190202701
timepoints: 46247
no.spikes: 4140.0
loglikelihood-per spike: -3.592539533421946
loglikelihood: -14873.113668366857
edof: 57.21428692910188
AIC: 29860.65591059192
AICc: 29860.805175919813
UBRE: 2.5177713107486963
