Stats:
MSE: 5.3457218290378075
R: 0.41786152667929366
pDIC: 20.69239543969161
DIC: 35260.42606604603
timepoints: 46247
no.spikes: 4663.0
loglikelihood-per spike: -3.5134043048664703
loglikelihood: -16383.00427359235
edof: 58.53756633405541
AIC: 32883.08367985281
AICc: 32883.23975413005
UBRE: 2.5678745459260885
