Stats:
MSE: 4.704927811234594
R: 0.4810534834003322
pDIC: 18.855705603113165
DIC: 34992.34202519659
timepoints: 46247
no.spikes: 4278.0
loglikelihood-per spike: -3.57769922368111
loglikelihood: -15305.397278907789
edof: 57.30286419634348
AIC: 30725.400286208263
AICc: 30725.550002563574
UBRE: 2.5331408681057415
