Stats:
MSE: 4.80576839758413
R: 0.44249480961579907
pDIC: 19.88238010108762
DIC: 34454.58804068461
timepoints: 46247
no.spikes: 4109.0
loglikelihood-per spike: -3.623044365325093
loglikelihood: -14887.089297120807
edof: 57.337901459578504
AIC: 29888.854397160772
AICc: 29889.004292110672
UBRE: 2.520725982353793
