Stats:
MSE: 4.545406168728691
R: 0.42809995696647235
pDIC: 19.686398862682836
DIC: 34533.531599593276
timepoints: 46247
no.spikes: 4554.0
loglikelihood-per spike: -3.5606272046870737
loglikelihood: -16215.096290144933
edof: 56.789040432957606
AIC: 32543.77066115578
AICc: 32543.91777065251
UBRE: 2.5662971160863384
