Stats:
MSE: 4.51900100485151
R: 0.4936022512426288
pDIC: 17.16758780411692
DIC: 35426.38045703314
timepoints: 46247
no.spikes: 4721.0
loglikelihood-per spike: -3.4880496935069076
loglikelihood: -16467.08260304611
edof: 57.60051947892144
AIC: 33049.36624505006
AICc: 33049.51748202993
UBRE: 2.571563714627561
