Stats:
MSE: 4.33074885347552
R: 0.45782295840500253
pDIC: 19.48298040876398
DIC: 34513.58743215926
timepoints: 46247
no.spikes: 4717.0
loglikelihood-per spike: -3.5130208860477063
loglikelihood: -16570.91951948703
edof: 57.96875548048456
AIC: 33257.77654993503
AICc: 33257.929678758555
UBRE: 2.5762087460008574
