Stats:
MSE: 4.675328925854746
R: 0.4176948204874125
pDIC: 17.660155391389708
DIC: 34225.90418382388
timepoints: 46247
no.spikes: 4216.0
loglikelihood-per spike: -3.6186022385953276
loglikelihood: -15256.027037917902
edof: 55.919154985060665
AIC: 30623.892385805924
AICc: 30624.035134234724
UBRE: 2.532165714233505
