Stats:
MSE: 4.744727712469628
R: 0.3965584813416677
pDIC: 18.244187820215302
DIC: 34692.81550186851
timepoints: 46247
no.spikes: 4323.0
loglikelihood-per spike: -3.596419410095896
loglikelihood: -15547.321109844559
edof: 58.78027651995168
AIC: 31212.202772729022
AICc: 31212.36011237531
UBRE: 2.54224735532928
