Stats:
MSE: 4.570870958293003
R: 0.4963199885298319
pDIC: 20.183277596839616
DIC: 34901.66551430815
timepoints: 46247
no.spikes: 4888.0
loglikelihood-per spike: -3.4733750805164743
loglikelihood: -16977.857393564525
edof: 58.73051798622714
AIC: 34073.175823101505
AICc: 34073.332902914946
UBRE: 2.5891086615228307
