Stats:
MSE: 5.574207503483327
R: 0.40023521016462
pDIC: 20.5693580211082
DIC: 34585.14578191913
timepoints: 46247
no.spikes: 5101.0
loglikelihood-per spike: -3.453117180017473
loglikelihood: -17614.35073526913
edof: 59.06453184148791
AIC: 35346.83053422123
AICc: 35346.989362335466
UBRE: 2.6097212691631535
