Stats:
MSE: 4.564905533969663
R: 0.5184534729245066
pDIC: 19.824821862646786
DIC: 36189.54090385361
timepoints: 46247
no.spikes: 4516.0
loglikelihood-per spike: -3.5148985362023892
loglikelihood: -15873.281789489989
edof: 57.877477355361975
AIC: 31862.3185336907
AICc: 31862.47119246763
UBRE: 2.5536318084114558
