Stats:
MSE: 4.083175837307717
R: 0.4692523968554806
pDIC: 18.82680902554057
DIC: 34472.31182781981
timepoints: 46247
no.spikes: 4228.0
loglikelihood-per spike: -3.589594491781979
loglikelihood: -15176.805511254208
edof: 56.936083901222354
AIC: 30467.48319031086
AICc: 30467.631043483834
UBRE: 2.5279742573029513
