Stats:
MSE: 5.116337388320483
R: 0.39068891621723845
pDIC: 20.9434760540571
DIC: 34776.77021737997
timepoints: 46247
no.spikes: 4507.0
loglikelihood-per spike: -3.5733173700482896
loglikelihood: -16104.94138680764
edof: 57.33301252717809
AIC: 32324.54879866964
AICc: 32324.698668692905
UBRE: 2.5624492237378442
