Stats:
MSE: 4.16673642997904
R: 0.43673935104836714
pDIC: 19.25001639189577
DIC: 34220.09470316649
timepoints: 46247
no.spikes: 4227.0
loglikelihood-per spike: -3.6084578523504214
loglikelihood: -15252.951341885231
edof: 56.024194583219916
AIC: 30617.951072936903
AICc: 30618.094344481888
UBRE: 2.532105412255055
