Stats:
MSE: 5.127646422468655
R: 0.3760511683473569
pDIC: 17.91747805473642
DIC: 35111.48386929943
timepoints: 46247
no.spikes: 3841.0
loglikelihood-per spike: -3.6809776818158464
loglikelihood: -14138.635275854665
edof: 54.15998920344866
AIC: 28385.590530116227
AICc: 28385.724659930598
UBRE: 2.4952361102133773
