Stats:
MSE: 4.891453039596459
R: 0.35154290720139664
pDIC: 18.317355673381826
DIC: 34470.11606187943
timepoints: 46247
no.spikes: 4380.0
loglikelihood-per spike: -3.634853020303285
loglikelihood: -15920.656228928388
edof: 59.14781870688774
AIC: 31959.608095270552
AICc: 31959.76736083523
UBRE: 2.560199302510013
