Stats:
MSE: 4.8745613629710345
R: 0.4532819749875495
pDIC: 18.9139174134325
DIC: 35429.88537882298
timepoints: 46247
no.spikes: 4814.0
loglikelihood-per spike: -3.5011226871786882
loglikelihood: -16854.404616078205
edof: 56.79388388491177
AIC: 33822.39699992623
AICc: 33822.54413388895
UBRE: 2.58598144203467
