Stats:
MSE: 4.674434625433314
R: 0.41395248212421876
pDIC: 19.62373675309209
DIC: 34235.41174680836
timepoints: 46247
no.spikes: 4123.0
loglikelihood-per spike: -3.6329476597327677
loglikelihood: -14978.643201078201
edof: 55.30051151957257
AIC: 30067.887425195546
AICc: 30068.0271121017
UBRE: 2.5234359422694173
