Stats:
MSE: 4.215529186176919
R: 0.4899314904760724
pDIC: 19.02018117157786
DIC: 34922.46779225573
timepoints: 46247
no.spikes: 4378.0
loglikelihood-per spike: -3.554477221523676
loglikelihood: -15561.501275830655
edof: 57.14623909425431
AIC: 31237.295029849818
AICc: 31237.443949146986
UBRE: 2.540842380531019
