Stats:
MSE: 2.748060213645264
R: 0.6569897291284532
pDIC: 20.473380759198335
DIC: 32027.96642496586
timepoints: 46247
no.spikes: 4643.0
loglikelihood-per spike: -3.444386957878792
loglikelihood: -15992.288645431232
edof: 56.90424661736114
AIC: 32098.385784097187
AICc: 32098.533476093027
UBRE: 2.5551422845078506
