Stats:
MSE: 3.9622260039517783
R: 0.46133523646329794
pDIC: 20.085187918721203
DIC: 34899.10114798702
timepoints: 46247
no.spikes: 4547.0
loglikelihood-per spike: -3.554129042725835
loglikelihood: -16160.624757274372
edof: 56.500386741406516
AIC: 32434.25028803156
AICc: 32434.395943114116
UBRE: 2.5634368086688606
