Stats:
MSE: 5.167137502382626
R: 0.42715638678598356
pDIC: 21.879769473947817
DIC: 34177.71819563772
timepoints: 46247
no.spikes: 4926.0
loglikelihood-per spike: -3.4767843036440786
loglikelihood: -17126.63947975073
edof: 58.08069446071235
AIC: 34369.44034842289
AICc: 34369.59405467591
UBRE: 2.5941266534709713
