Stats:
MSE: 4.458527684126905
R: 0.44503005196663836
pDIC: 19.977095621616172
DIC: 35727.06840210155
timepoints: 46247
no.spikes: 4841.0
loglikelihood-per spike: -3.4858108412586204
loglikelihood: -16874.81028253298
edof: 58.70813260764736
AIC: 33867.03683028126
AICc: 33867.193793271166
UBRE: 2.585859621789857
