Stats:
MSE: 3.9777734394725974
R: 0.4687734821531372
pDIC: 18.25379045502268
DIC: 35195.50818438621
timepoints: 46247
no.spikes: 3906.0
loglikelihood-per spike: -3.6733639520627572
loglikelihood: -14348.15959675713
edof: 54.388061676595306
AIC: 28805.09531686745
AICc: 28805.230548911662
UBRE: 2.5043787558351718
