Stats:
MSE: 5.200647040788588
R: 0.41176693528305386
pDIC: 18.59783547580446
DIC: 35240.33823334049
timepoints: 46247
no.spikes: 4291.0
loglikelihood-per spike: -3.595940332123364
loglikelihood: -15430.179965141355
edof: 55.34630545127572
AIC: 30971.05254118526
AICc: 30971.19245357624
UBRE: 2.5381122715818596
