Stats:
MSE: 5.43867897032688
R: 0.3960034559395602
pDIC: 18.26438567886362
DIC: 34372.90710876103
timepoints: 46247
no.spikes: 4511.0
loglikelihood-per spike: -3.558564188567322
loglikelihood: -16052.683054627189
edof: 57.02075433551065
AIC: 32219.407617925397
AICc: 32219.555900173025
UBRE: 2.5591869660885447
