Stats:
MSE: 5.022464980832159
R: 0.48927541783589484
pDIC: 18.724953343011293
DIC: 35946.59935979257
timepoints: 46247
no.spikes: 4539.0
loglikelihood-per spike: -3.4920494730668676
loglikelihood: -15850.412558250513
edof: 57.81024671520859
AIC: 31816.445609931445
AICc: 31816.597922959547
UBRE: 2.547944467690109
