Stats:
MSE: 4.453948353462003
R: 0.4458626506293634
pDIC: 19.673020563976024
DIC: 34459.4377461415
timepoints: 46247
no.spikes: 4510.0
loglikelihood-per spike: -3.559808544514294
loglikelihood: -16054.736535759466
edof: 57.46176099642658
AIC: 32224.396593511785
AICc: 32224.547120662282
UBRE: 2.5594751793173844
