Stats:
MSE: 5.008930314795204
R: 0.4208522200175731
pDIC: 20.73960042253384
DIC: 34573.56659677487
timepoints: 46247
no.spikes: 4346.0
loglikelihood-per spike: -3.592554558688983
loglikelihood: -15613.24211206232
edof: 56.35043285454951
AIC: 31339.18508983374
AICc: 31339.329992211828
UBRE: 2.5449236373479196
