Stats:
MSE: 5.356396191671339
R: 0.40471277775223385
pDIC: 20.195918128225458
DIC: 34985.58194811549
timepoints: 46247
no.spikes: 4542.0
loglikelihood-per spike: -3.583581850190344
loglikelihood: -16276.628763564542
edof: 58.881180372974
AIC: 32671.01988787503
AICc: 32671.17775508866
UBRE: 2.572126602285234
