Stats:
MSE: 4.365743960281032
R: 0.4439029670755418
pDIC: 18.882987598819454
DIC: 34495.61069439762
timepoints: 46247
no.spikes: 4608.0
loglikelihood-per spike: -3.5334050967358417
loglikelihood: -16281.930685758758
edof: 58.6395398232886
AIC: 32681.140451164094
AICc: 32681.29705645683
UBRE: 2.5648851923295894
