Stats:
MSE: 5.2221329742960485
R: 0.4000319828262793
pDIC: 20.05056624547069
DIC: 34396.38524965332
timepoints: 46247
no.spikes: 5340.0
loglikelihood-per spike: -3.4228603327549334
loglikelihood: -18278.074176911345
edof: 60.41525129196705
AIC: 36676.978856406626
AICc: 36677.144853280406
UBRE: 2.6322391434690062
