Stats:
MSE: 3.8488472393698343
R: 0.4831801380353312
pDIC: 20.41819837044386
DIC: 35786.23085176676
timepoints: 46247
no.spikes: 3765.0
loglikelihood-per spike: -3.707712810297643
loglikelihood: -13959.538730770626
edof: 55.11888450971871
AIC: 28029.31523056069
AICc: 28029.4540249462
UBRE: 2.4919729872874288
