Stats:
MSE: 4.982253298259648
R: 0.39705135886113935
pDIC: 19.518724421239313
DIC: 34279.82754765726
timepoints: 46247
no.spikes: 4842.0
loglikelihood-per spike: -3.4997438737007136
loglikelihood: -16945.759836458856
edof: 56.358221604235
AIC: 34004.23611612618
AICc: 34004.3810575524
UBRE: 2.5877979470356887
