Stats:
MSE: 4.808336313977642
R: 0.4338421679154066
pDIC: 19.034783223556587
DIC: 35472.253425176
timepoints: 46247
no.spikes: 4091.0
loglikelihood-per spike: -3.611923745062182
loglikelihood: -14776.380041049388
edof: 57.281308082823074
AIC: 29667.322698264423
AICc: 29667.47230479524
UBRE: 2.5163052157291093
