Stats:
MSE: 5.027316265736686
R: 0.440015863150386
pDIC: 18.606719704894203
DIC: 34968.79347424102
timepoints: 46247
no.spikes: 4524.0
loglikelihood-per spike: -3.5426662279210177
loglikelihood: -16027.022015114684
edof: 56.88453012271658
AIC: 32167.813090474803
AICc: 32167.960682699468
UBRE: 2.558583253985827
