Stats:
MSE: 4.403581580447154
R: 0.4397664867922097
pDIC: 18.795045574315736
DIC: 34116.17439654727
timepoints: 46247
no.spikes: 4375.0
loglikelihood-per spike: -3.5826893406379923
loglikelihood: -15674.265865291216
edof: 57.45260753968469
AIC: 31463.4369456618
AICc: 31463.587426045884
UBRE: 2.5486617035209864
