Stats:
MSE: 5.064774658751644
R: 0.4748753063858534
pDIC: 19.21950302978439
DIC: 35013.771862050526
timepoints: 46247
no.spikes: 5172.0
loglikelihood-per spike: -3.4221322413368505
loglikelihood: -17699.26795219419
edof: 59.63676251129772
AIC: 35517.809429410976
AICc: 35517.97127521962
UBRE: 2.611873145172478
