Stats:
MSE: 3.8898973414407774
R: 0.44647797615094525
pDIC: 21.563570206893928
DIC: 34442.68898755195
timepoints: 46247
no.spikes: 4091.0
loglikelihood-per spike: -3.6526500840433522
loglikelihood: -14942.991493821353
edof: 57.33299008606212
AIC: 30000.648967814832
AICc: 30000.798837723687
UBRE: 2.524346089935333
