Stats:
MSE: 5.738219442026351
R: 0.39316909700648983
pDIC: 18.133232389285695
DIC: 34672.67763170195
timepoints: 46247
no.spikes: 4377.0
loglikelihood-per spike: -3.559102896872483
loglikelihood: -15578.193379610859
edof: 55.204146525969186
AIC: 31266.795052273657
AICc: 31266.93426528267
UBRE: 2.5408707099528325
