Stats:
MSE: 5.252693424580115
R: 0.4222815285733897
pDIC: 19.347344213303586
DIC: 34915.69149108147
timepoints: 46247
no.spikes: 4478.0
loglikelihood-per spike: -3.5453000559706096
loglikelihood: -15875.85365063639
edof: 58.64424867655688
AIC: 31868.995798625896
AICc: 31869.152428461268
UBRE: 2.551842222823552
