Stats:
MSE: 5.612160318480403
R: 0.4169843700178938
pDIC: 18.539764174627635
DIC: 34566.2574538791
timepoints: 46247
no.spikes: 4517.0
loglikelihood-per spike: -3.5373824128548623
loglikelihood: -15978.356358865412
edof: 56.41716066203159
AIC: 32069.547039054887
AICc: 32069.692276136997
UBRE: 2.5543623597050207
