Stats:
MSE: 4.301457952843991
R: 0.3602241437253299
pDIC: 18.992993190873676
DIC: 34769.1957344513
timepoints: 46247
no.spikes: 4270.0
loglikelihood-per spike: -3.6326252917041235
loglikelihood: -15511.309995576608
edof: 56.577448907382575
AIC: 31135.774888967982
AICc: 31135.92093162912
UBRE: 2.5425848093166388
