Stats:
MSE: 4.556629447718865
R: 0.4969828425609276
pDIC: 18.94958878167381
DIC: 35326.49830405155
timepoints: 46247
no.spikes: 4440.0
loglikelihood-per spike: -3.541625173923832
loglikelihood: -15724.815772221815
edof: 56.85474149371292
AIC: 31563.341027431055
AICc: 31563.488468980646
UBRE: 2.5471775440921247
