Stats:
MSE: 3.8859942928855524
R: 0.4854664051257284
pDIC: 20.26946421331013
DIC: 35134.127931971474
timepoints: 46247
no.spikes: 4835.0
loglikelihood-per spike: -3.490338673957573
loglikelihood: -16875.787488584865
edof: 57.72634009812746
AIC: 33867.02765736599
AICc: 33867.179539435805
UBRE: 2.5861464264403917
