Stats:
MSE: 4.214069846962537
R: 0.46977313032042933
pDIC: 16.654740542646323
DIC: 35801.794851327504
timepoints: 46247
no.spikes: 3652.0
loglikelihood-per spike: -3.6855071329797675
loglikelihood: -13459.47204964211
edof: 55.25716575860494
AIC: 27029.45843080143
AICc: 27029.59790444503
UBRE: 2.4707406895975423
