Stats:
MSE: 5.446292291829595
R: 0.37790021163291215
pDIC: 19.26617209027245
DIC: 34716.22099775807
timepoints: 46247
no.spikes: 4402.0
loglikelihood-per spike: -3.5751681309308125
loglikelihood: -15737.890112357436
edof: 56.61416000716903
AIC: 31589.00854472921
AICc: 31589.15477220748
UBRE: 2.5480132677664447
