Stats:
MSE: 4.496882527967874
R: 0.46196217468244005
pDIC: 19.903629785228986
DIC: 34981.70210593931
timepoints: 46247
no.spikes: 4651.0
loglikelihood-per spike: -3.5123383702752493
loglikelihood: -16335.885760150184
edof: 56.96671702109594
AIC: 32785.70495434256
AICc: 32785.85296267962
UBRE: 2.5680910308117233
