Stats:
MSE: 4.930352530545696
R: 0.44176073814901773
pDIC: 17.79528437823319
DIC: 34809.45669061971
timepoints: 46247
no.spikes: 4748.0
loglikelihood-per spike: -3.4960606706350883
loglikelihood: -16599.2960641754
edof: 58.66733541501887
AIC: 33315.92679918084
AICc: 33316.0835493726
UBRE: 2.5744445493244013
