Stats:
MSE: 5.456085836622536
R: 0.44357036917733594
pDIC: 22.892038569960278
DIC: 35179.36680661636
timepoints: 46247
no.spikes: 4598.0
loglikelihood-per spike: -3.5138114717970774
loglikelihood: -16156.505147322961
edof: 57.00422628414374
AIC: 32427.01874721421
AICc: 32427.166945655634
UBRE: 2.560565562038269
