Stats:
MSE: 4.772133117252963
R: 0.4525468038669411
pDIC: 19.101671625747258
DIC: 34663.289928536724
timepoints: 46247
no.spikes: 4484.0
loglikelihood-per spike: -3.5466292122371965
loglikelihood: -15903.085387671588
edof: 58.20196910828688
AIC: 31922.57471355975
AICc: 31922.729046627523
UBRE: 2.5530695855158267
