Stats:
MSE: 4.214844321463681
R: 0.5597386747224818
pDIC: 18.26205940543514
DIC: 35848.054268245345
timepoints: 46247
no.spikes: 4000.0
loglikelihood-per spike: -3.5635839791247865
loglikelihood: -14254.335916499145
edof: 54.510365179439106
AIC: 28617.69256335717
AICc: 28617.828388330334
UBRE: 2.49282565282128
