Stats:
MSE: 4.96319573852428
R: 0.3833080709798098
pDIC: 17.74961217892269
DIC: 34659.86745292805
timepoints: 46247
no.spikes: 4186.0
loglikelihood-per spike: -3.6327683030094464
loglikelihood: -15206.768116397543
edof: 56.35496169192393
AIC: 30526.246156178935
AICc: 30526.391081261263
UBRE: 2.531825933685123
