Stats:
MSE: 4.20971229792511
R: 0.42482330245851896
pDIC: 20.05944844246551
DIC: 34649.106307203176
timepoints: 46247
no.spikes: 4782.0
loglikelihood-per spike: -3.4991768642451717
loglikelihood: -16733.06376482041
edof: 57.93830225032348
AIC: 33582.00413414147
AICc: 33582.157106062376
UBRE: 2.5793900195719153
