Stats:
MSE: 5.772049781400634
R: 0.42987525720541286
pDIC: 17.41526349153355
DIC: 34863.188065499206
timepoints: 46247
no.spikes: 4558.0
loglikelihood-per spike: -3.516671495022384
loglikelihood: -16028.988674312026
edof: 55.41948006720801
AIC: 32168.81630875847
AICc: 32168.95658183195
UBRE: 2.555204485663912
