Stats:
MSE: 4.14485579174534
R: 0.49851394141972377
pDIC: 18.223074067602283
DIC: 34435.28183166804
timepoints: 46247
no.spikes: 4152.0
loglikelihood-per spike: -3.5863237756726245
loglikelihood: -14890.416316592737
edof: 57.31683547993153
AIC: 29895.466304145335
AICc: 29895.616091703352
UBRE: 2.51961644408605
