Stats:
MSE: 4.750239214206806
R: 0.4504966224626583
pDIC: 19.493140373626375
DIC: 34356.07975181146
timepoints: 46247
no.spikes: 4405.0
loglikelihood-per spike: -3.5670190994594067
loglikelihood: -15712.719133118686
edof: 58.97892188324656
AIC: 31543.396110003865
AICc: 31543.554489093764
UBRE: 2.547920767915354
