Stats:
MSE: 4.741645448232258
R: 0.481823875337156
pDIC: 20.499799404733494
DIC: 34986.040586548
timepoints: 46247
no.spikes: 3867.0
loglikelihood-per spike: -3.651938006113852
loglikelihood: -14122.044269642265
edof: 54.918813723597
AIC: 28353.926166731726
AICc: 28354.063981278065
UBRE: 2.49490821105418
